latitude=19.233770
longitude=72.857887
