latitude=19.234086609029745
longitude=72.85806111971708
